              precision    recall  f1-score   support

           #       1.00      1.00      1.00         3
          ''       0.00      0.00      0.00         3
       -LRB-       1.00      1.00      1.00        23
       -RRB-       1.00      0.92      0.96        26
           :       1.00      0.98      0.99        42
          CC       0.98      0.96      0.97       471
          CD       0.72      0.70      0.71       729
          DT       0.99      0.97      0.98      1660
          EX       0.89      0.62      0.73        13
          FW       0.00      0.00      0.00         0
          IN       0.96      0.96      0.96      2014
          JJ       0.64      0.65      0.65      1177
         JJR       0.78      0.65      0.71        77
         JJS       0.83      0.59      0.69        41
          LS       0.00      0.00      0.00         4
          MD       1.00      0.99      1.00       173
          NN       0.77      0.73      0.75      2618
         NNP       0.64      0.88      0.74      1971
        NNPS       0.31      0.09      0.14        57
         NNS       0.70      0.63      0.66      1146
         PDT       0.40      0.40      0.40         5
         PRP       0.99      0.92      0.95       331
        PRP$       0.99      0.99      0.99       137
          RB       0.73      0.60      0.66       449
         RBR       0.47      0.42      0.44        19
         RBS       0.60      0.43      0.50         7
          RP       0.60      0.50      0.55        52
         SYM       0.00      0.00      0.00         1
          TO       1.00      0.96      0.98       439
          VB       0.89      0.84      0.86       496
         VBD       0.82      0.75      0.78       653
         VBG       0.57      0.41      0.48       275
         VBN       0.64      0.69      0.66       445
         VBP       0.81      0.70      0.75       227
         VBZ       0.89      0.74      0.81       375
         WDT       0.89      0.79      0.84        85
          WP       0.97      0.84      0.90        45
         WP$       1.00      1.00      1.00         1
         WRB       0.96      0.84      0.90        31

    accuracy                           0.80     16321
   macro avg       0.73      0.67      0.69     16321
weighted avg       0.81      0.80      0.80     16321

